4.416000000000000000e+03
4.417000000000000000e+03
4.418000000000000000e+03
4.419000000000000000e+03
4.420000000000000000e+03
4.421000000000000000e+03
4.422000000000000000e+03
4.423000000000000000e+03
4.424000000000000000e+03
4.425000000000000000e+03
4.426000000000000000e+03
4.427000000000000000e+03
4.428000000000000000e+03
4.429000000000000000e+03
4.430000000000000000e+03
4.431000000000000000e+03
4.432000000000000000e+03
4.433000000000000000e+03
4.434000000000000000e+03
4.435000000000000000e+03
4.436000000000000000e+03
4.437000000000000000e+03
4.438000000000000000e+03
4.439000000000000000e+03
4.440000000000000000e+03
4.441000000000000000e+03
4.442000000000000000e+03
4.443000000000000000e+03
4.444000000000000000e+03
4.445000000000000000e+03
4.446000000000000000e+03
4.447000000000000000e+03
4.448000000000000000e+03
4.449000000000000000e+03
4.450000000000000000e+03
4.451000000000000000e+03
4.452000000000000000e+03
4.453000000000000000e+03
4.454000000000000000e+03
4.455000000000000000e+03
4.456000000000000000e+03
4.457000000000000000e+03
4.458000000000000000e+03
4.459000000000000000e+03
4.460000000000000000e+03
4.461000000000000000e+03
4.462000000000000000e+03
4.463000000000000000e+03
4.464000000000000000e+03
4.465000000000000000e+03
4.466000000000000000e+03
4.467000000000000000e+03
4.468000000000000000e+03
4.469000000000000000e+03
4.470000000000000000e+03
4.471000000000000000e+03
4.472000000000000000e+03
4.473000000000000000e+03
4.474000000000000000e+03
4.475000000000000000e+03
4.476000000000000000e+03
4.477000000000000000e+03
4.478000000000000000e+03
4.479000000000000000e+03
